4 0.8720820031642559 0.6863844147135737 0.09802100586659833 0.16417299471681607 
4 0.6144227334295863 0.5379242874443932 0.018467083065718058 0.04752116584639036 
4 0.9869997288560813 0.7209758842747099 0.09119113512453808 0.1571397188018731 
4 0.9145943695084234 0.6578780314661085 0.07491159739877844 0.22362842421444715 
1 0.4554578514992355 0.5234156252103737 0.03389483526044728 0.041544300355682254 
0 0.7569986541496827 0.5361695591064377 0.07768397216733688 0.025401980551313937 
0 0.5032718040123312 0.6086316793865268 0.11496512626473361 0.13805837953494585 
0 0.8465844748827479 0.5343899650644078 0.08760886163009018 0.029382121749804924 
2 0.5089738378353963 1.1541325652745273 0.2609662642262699 0.902045952281085 
3 0.5023738017261279 0.7077013896883174 0.03261796393515184 0.15541721594315977 
